123,35
3,2
3,1
3,3
10,233
10,87
10,81
10,247
10,221
10,283
10,255
10,1
10,119
10,2
10,3
11,15
11,25
11,11
11,13
11,1
11,23
11,2
11,3
9,7
9,1
9,5
9,2
9,3
8,9
8,10
8,5
8,4
8,1
8,6
8,2
8,3
12,2
12,1
12,3
20,2
20,1
20,3
19,2
19,1
19,3
18,1
18,3
14,1
14,3
13,1
13,3
2,2
2,1
2,3
121,3
121,2
121,1
121,0
0,0
123,34
123,33
123,32
123,31
123,30
123,29
123,28
123,27
123,26
123,25
123,24
123,23
123,22
123,21
123,20
123,19
123,18
123,17
123,16
123,15
123,14
123,13
123,12
123,11
123,10
123,9
123,8
123,7
123,6
123,5
123,4
123,3
123,2
123,0
0,276
0,275
0,272
0,271
0,12
